-500,-100
-499,-100
-498,-100
-497,-100
-496,-100
-495,-100
-494,-100
-493,-100
-492,-100
-491,-100
-490,-100
-489,-100
-488,-100
-487,-100
-486,-100
-485,-100
-484,-100
-483,-100
-482,-100
-481,-100
-480,-100
-479,-100
-478,-100
-477,-100
-476,-100
-475,-100
-474,-100
-473,-100
-472,-100
-471,-100
-470,-100
-469,-100
-468,-100
-467,-100
-466,-100
-465,-100
-464,-100
-463,-100
-462,-100
-461,-100
-460,-100
-459,-100
-458,-100
-457,-100
-456,-100
-455,-100
-454,-100
-453,-100
-452,-100
-451,-100
-450,-100
-449,-100
-448,-100
-447,-100
-446,-100
-445,-100
-444,-100
-443,-100
-442,-100
-441,-100
-440,-100
-439,-100
-438,-100
-437,-100
-436,-100
-435,-100
-434,-100
-433,-100
-432,-100
-431,-100
-430,-100
-429,-100
-428,-100
-427,-100
-426,-100
-425,-100
-424,-100
-423,-100
-422,-100
-421,-100
-420,-100
-419,-100
-418,-100
-417,-100
-416,-100
-415,-100
-414,-100
-413,-100
-412,-100
-411,-100
-410,-100
-409,-100
-408,-100
-407,-100
-406,-100
-405,-100
-404,-100
-403,-100
-402,-100
-401,-100
-400,-100
-399,-100
-398,-100
-397,-100
-396,-100
-395,-100
-394,-100
-393,-100
-392,-100
-391,-100
-390,-100
-389,-100
-388,-100
-387,-100
-386,-100
-385,-100
-384,-100
-383,-100
-382,-100
-381,-100
-380,-100
-379,-100
-378,-100
-377,-100
-376,-100
-375,-100
-374,-100
-373,-100
-372,-100
-371,-100
-370,-100
-369,-100
-368,-100
-367,-100
-366,-100
-365,-100
-364,-100
-363,-100
-362,-100
-361,-100
-360,-100
-359,-100
-358,-100
-357,-100
-356,-100
-355,-100
-354,-100
-353,-100
-352,-100
-351,-100
-350,-100
-349,-100
-348,-100
-347,-100
-346,-100
-345,-100
-344,-100
-343,-100
-342,-100
-341,-100
-340,-100
-339,-100
-338,-100
-337,-100
-336,-100
-335,-100
-334,-100
-333,-100
-332,-100
-331,-100
-330,-100
-329,-100
-328,-100
-327,-100
-326,-100
-325,-100
-324,-100
-323,-100
-322,-100
-321,-100
-320,-100
-319,-100
-318,-100
-317,-100
-316,-100
-315,-100
-314,-100
-313,-100
-312,-100
-311,-100
-310,-100
-309,-100
-308,-100
-307,-100
-306,-100
-305,-100
-304,-100
-303,-100
-302,-100
-301,-100
-300,-100
-299,-100
-298,-100
-297,-100
-296,-100
-295,-100
-294,-100
-293,-100
-292,-100
-291,-100
-290,-100
-289,-100
-288,-100
-287,-100
-286,-100
-285,-100
-284,-100
-283,-100
-282,-100
-281,-100
-280,-100
-279,-100
-278,-100
-277,-100
-276,-100
-275,-100
-274,-100
-273,-100
-272,-100
-271,-100
-270,-100
-269,-100
-268,-100
-267,-100
-266,-100
-265,-100
-264,-100
-263,-100
-262,-100
-261,-100
-260,-100
-259,-100
-258,-100
-257,-100
-256,-100
-255,-100
-254,-100
-253,-100
-252,-100
-251,-100
-250,-100
-249,-100
-248,-100
-247,-100
-246,-100
-245,-100
-244,-100
-243,-100
-242,-100
-241,-100
-240,-100
-239,-100
-238,-100
-237,-100
-236,-100
-235,-100
-234,-100
-233,-100
-232,-100
-231,-100
-230,-100
-229,-100
-228,-100
-227,-100
-226,-100
-225,-100
-224,-100
-223,-100
-222,-100
-221,-100
-220,-100
-219,-100
-218,-100
-217,-100
-216,-100
-215,-100
-214,-100
-213,-100
-212,-100
-211,-100
-210,-100
-209,-100
-208,-100
-207,-100
-206,-100
-205,-100
-204,-100
-203,-100
-202,-100
-201,-100
-200,-100
-199,-100
-198,-100
-197,-100
-196,-100
-195,-100
-194,-100
-193,-100
-192,-100
-191,-100
-190,-100
-189,-100
-188,-100
-187,-100
-186,-100
-185,-100
-184,-100
-183,-100
-182,-100
-181,-100
-180,-100
-179,-100
-178,-100
-177,-100
-176,-100
-175,-100
-174,-100
-173,-100
-172,-100
-171,-100
-170,-100
-169,-100
-168,-100
-167,-100
-166,-100
-165,-100
-164,-100
-163,-100
-162,-100
-161,-100
-160,-100
-159,-100
-158,-100
-157,-100
-156,-100
-155,-100
-154,-100
-153,-100
-152,-100
-151,-100
-150,-100
-149,-100
-148,-100
-147,-100
-146,-100
-145,-100
-144,-100
-143,-100
-142,-100
-141,-100
-140,-100
-139,-100
-138,-100
-137,-100
-136,-100
-135,-100
-134,-100
-133,-100
-132,-100
-131,-100
-130,-100
-129,-100
-128,-100
-127,-100
-126,-100
-125,-100
-124,-100
-123,-100
-122,-100
-121,-100
-120,-100
-119,-100
-118,-100
-117,-100
-116,-100
-115,-100
-114,-100
-113,-100
-112,-100
-111,-100
-110,-100
-109,-100
-108,-100
-107,-100
-106,-100
-105,-100
-104,-100
-103,-100
-102,-100
-101,-100
-100,-100
-99,-100
-98,-100
-97,-100
-96,-100
-95,-100
-94,-100
-93,-100
-92,-100
-91,-100
-90,-100
-89,-100
-88,-100
-87,-100
-86,-100
-85,-100
-84,-100
-83,-100
-82,-100
-81,-100
-80,-100
-79,-100
-78,-100
-77,-100
-76,-100
-75,-100
-74,-100
-73,-100
-72,-100
-71,-100
-70,-100
-69,-100
-68,-100
-67,-100
-66,-100
-65,-100
-64,-100
-63,-100
-62,-100
-61,-100
-60,-100
-59,-100
-58,-100
-57,-100
-56,-100
-55,-100
-54,-100
-53,-100
-52,-100
-51,-100
-50,-100
-49,-100
-48,-100
-47,-100
-46,-100
-45,-100
-44,-100
-43,-100
-42,-100
-41,-100
-40,-100
-39,-100
-38,-100
-37,-100
-36,-100
-35,-100
-34,-100
-33,-100
-32,-100
-31,-100
-30,-100
-29,-100
-28,-100
-27,-100
-26,-100
-25,-100
-24,-100
-23,-100
-22,-100
-21,-100
-20,-100
-19,-100
-18,-100
-17,-100
-16,-100
-15,-100
-14,-100
-13,-100
-12,-100
-11,-100
-10,-100
-9,-100
-8,-100
-7,-100
-6,-100
-5,-100
-4,-100
-3,-100
-2,-100
-1,-100
0,-100
0,-100
1,-99
2,-98
3,-97
4,-96
5,-95
6,-94
7,-93
8,-92
9,-91
10,-90
11,-89
12,-88
13,-87
14,-86
15,-85
16,-84
17,-83
18,-82
19,-81
20,-80
21,-79
22,-78
23,-77
24,-76
25,-75
26,-74
27,-73
28,-72
29,-71
30,-70
31,-69
32,-68
33,-67
34,-66
35,-65
36,-64
37,-63
38,-62
39,-61
40,-60
41,-59
42,-58
43,-57
44,-56
45,-55
46,-54
47,-53
48,-52
49,-51
50,-50
51,-49
52,-48
53,-47
54,-46
55,-45
56,-44
57,-43
58,-42
59,-41
60,-40
61,-39
62,-38
63,-37
64,-36
65,-35
66,-34
67,-33
68,-32
69,-31
70,-30
71,-29
72,-28
73,-27
74,-26
75,-25
76,-24
77,-23
78,-22
79,-21
80,-20
81,-19
82,-18
83,-17
84,-16
85,-15
86,-14
87,-13
88,-12
89,-11
90,-10
91,-9
92,-8
93,-7
94,-6
95,-5
96,-4
97,-3
98,-2
99,-1
100,0
100,0
99,1
98,2
97,3
96,4
95,5
94,6
93,7
92,8
91,9
90,10
89,11
88,12
87,13
86,14
85,15
84,16
83,17
82,18
81,19
80,20
79,21
78,22
77,23
76,24
75,25
74,26
73,27
72,28
71,29
70,30
69,31
68,32
67,33
66,34
65,35
64,36
63,37
62,38
61,39
60,40
59,41
58,42
57,43
56,44
55,45
54,46
53,47
52,48
51,49
50,50
49,51
48,52
47,53
46,54
45,55
44,56
43,57
42,58
41,59
40,60
39,61
38,62
37,63
36,64
35,65
34,66
33,67
32,68
31,69
30,70
29,71
28,72
27,73
26,74
25,75
24,76
23,77
22,78
21,79
20,80
19,81
18,82
17,83
16,84
15,85
14,86
13,87
12,88
11,89
10,90
9,91
8,92
7,93
6,94
5,95
4,96
3,97
2,98
1,99
0,100
0,100
-1,100
-2,100
-3,100
-4,100
-5,100
-6,100
-7,100
-8,100
-9,100
-10,100
-11,100
-12,100
-13,100
-14,100
-15,100
-16,100
-17,100
-18,100
-19,100
-20,100
-21,100
-22,100
-23,100
-24,100
-25,100
-26,100
-27,100
-28,100
-29,100
-30,100
-31,100
-32,100
-33,100
-34,100
-35,100
-36,100
-37,100
-38,100
-39,100
-40,100
-41,100
-42,100
-43,100
-44,100
-45,100
-46,100
-47,100
-48,100
-49,100
-50,100
-51,100
-52,100
-53,100
-54,100
-55,100
-56,100
-57,100
-58,100
-59,100
-60,100
-61,100
-62,100
-63,100
-64,100
-65,100
-66,100
-67,100
-68,100
-69,100
-70,100
-71,100
-72,100
-73,100
-74,100
-75,100
-76,100
-77,100
-78,100
-79,100
-80,100
-81,100
-82,100
-83,100
-84,100
-85,100
-86,100
-87,100
-88,100
-89,100
-90,100
-91,100
-92,100
-93,100
-94,100
-95,100
-96,100
-97,100
-98,100
-99,100
-100,100
-101,100
-102,100
-103,100
-104,100
-105,100
-106,100
-107,100
-108,100
-109,100
-110,100
-111,100
-112,100
-113,100
-114,100
-115,100
-116,100
-117,100
-118,100
-119,100
-120,100
-121,100
-122,100
-123,100
-124,100
-125,100
-126,100
-127,100
-128,100
-129,100
-130,100
-131,100
-132,100
-133,100
-134,100
-135,100
-136,100
-137,100
-138,100
-139,100
-140,100
-141,100
-142,100
-143,100
-144,100
-145,100
-146,100
-147,100
-148,100
-149,100
-150,100
-151,100
-152,100
-153,100
-154,100
-155,100
-156,100
-157,100
-158,100
-159,100
-160,100
-161,100
-162,100
-163,100
-164,100
-165,100
-166,100
-167,100
-168,100
-169,100
-170,100
-171,100
-172,100
-173,100
-174,100
-175,100
-176,100
-177,100
-178,100
-179,100
-180,100
-181,100
-182,100
-183,100
-184,100
-185,100
-186,100
-187,100
-188,100
-189,100
-190,100
-191,100
-192,100
-193,100
-194,100
-195,100
-196,100
-197,100
-198,100
-199,100
-200,100
-201,100
-202,100
-203,100
-204,100
-205,100
-206,100
-207,100
-208,100
-209,100
-210,100
-211,100
-212,100
-213,100
-214,100
-215,100
-216,100
-217,100
-218,100
-219,100
-220,100
-221,100
-222,100
-223,100
-224,100
-225,100
-226,100
-227,100
-228,100
-229,100
-230,100
-231,100
-232,100
-233,100
-234,100
-235,100
-236,100
-237,100
-238,100
-239,100
-240,100
-241,100
-242,100
-243,100
-244,100
-245,100
-246,100
-247,100
-248,100
-249,100
-250,100
-251,100
-252,100
-253,100
-254,100
-255,100
-256,100
-257,100
-258,100
-259,100
-260,100
-261,100
-262,100
-263,100
-264,100
-265,100
-266,100
-267,100
-268,100
-269,100
-270,100
-271,100
-272,100
-273,100
-274,100
-275,100
-276,100
-277,100
-278,100
-279,100
-280,100
-281,100
-282,100
-283,100
-284,100
-285,100
-286,100
-287,100
-288,100
-289,100
-290,100
-291,100
-292,100
-293,100
-294,100
-295,100
-296,100
-297,100
-298,100
-299,100
-300,100
-301,100
-302,100
-303,100
-304,100
-305,100
-306,100
-307,100
-308,100
-309,100
-310,100
-311,100
-312,100
-313,100
-314,100
-315,100
-316,100
-317,100
-318,100
-319,100
-320,100
-321,100
-322,100
-323,100
-324,100
-325,100
-326,100
-327,100
-328,100
-329,100
-330,100
-331,100
-332,100
-333,100
-334,100
-335,100
-336,100
-337,100
-338,100
-339,100
-340,100
-341,100
-342,100
-343,100
-344,100
-345,100
-346,100
-347,100
-348,100
-349,100
-350,100
-351,100
-352,100
-353,100
-354,100
-355,100
-356,100
-357,100
-358,100
-359,100
-360,100
-361,100
-362,100
-363,100
-364,100
-365,100
-366,100
-367,100
-368,100
-369,100
-370,100
-371,100
-372,100
-373,100
-374,100
-375,100
-376,100
-377,100
-378,100
-379,100
-380,100
-381,100
-382,100
-383,100
-384,100
-385,100
-386,100
-387,100
-388,100
-389,100
-390,100
-391,100
-392,100
-393,100
-394,100
-395,100
-396,100
-397,100
-398,100
-399,100
-400,100
-401,100
-402,100
-403,100
-404,100
-405,100
-406,100
-407,100
-408,100
-409,100
-410,100
-411,100
-412,100
-413,100
-414,100
-415,100
-416,100
-417,100
-418,100
-419,100
-420,100
-421,100
-422,100
-423,100
-424,100
-425,100
-426,100
-427,100
-428,100
-429,100
-430,100
-431,100
-432,100
-433,100
-434,100
-435,100
-436,100
-437,100
-438,100
-439,100
-440,100
-441,100
-442,100
-443,100
-444,100
-445,100
-446,100
-447,100
-448,100
-449,100
-450,100
-451,100
-452,100
-453,100
-454,100
-455,100
-456,100
-457,100
-458,100
-459,100
-460,100
-461,100
-462,100
-463,100
-464,100
-465,100
-466,100
-467,100
-468,100
-469,100
-470,100
-471,100
-472,100
-473,100
-474,100
-475,100
-476,100
-477,100
-478,100
-479,100
-480,100
-481,100
-482,100
-483,100
-484,100
-485,100
-486,100
-487,100
-488,100
-489,100
-490,100
-491,100
-492,100
-493,100
-494,100
-495,100
-496,100
-497,100
-498,100
-499,100
-500,100
